final result:

precision: 0.959733
recall: 0.798983
F1: 0.872011
